{
 "cells": [
  {
   "cell_type": "code",
   "execution_count": 35,
   "metadata": {},
   "outputs": [],
   "source": [
    "import numpy as np\n",
    "import chugunov_indicator as chug\n",
    "\n",
    "from scipy.interpolate import LinearNDInterpolator"
   ]
  },
  {
   "cell_type": "code",
   "execution_count": 14,
   "metadata": {},
   "outputs": [
    {
     "name": "stderr",
     "output_type": "stream",
     "text": [
      "yt : [INFO     ] 2024-09-20 05:10:03,758 Parameters: current_time              = 0.40003216130915\n",
      "yt : [INFO     ] 2024-09-20 05:10:03,759 Parameters: domain_dimensions         = [ 640 1280    1]\n",
      "yt : [INFO     ] 2024-09-20 05:10:03,760 Parameters: domain_left_edge          = [0. 0. 0.]\n",
      "yt : [INFO     ] 2024-09-20 05:10:03,761 Parameters: domain_right_edge         = [5.12000000e+09 1.02400000e+10 6.28318531e+00]\n"
     ]
    }
   ],
   "source": [
    "data = chug.DetonationData(\"./data/subch_plt08582/\")"
   ]
  },
  {
   "cell_type": "code",
   "execution_count": 15,
   "metadata": {},
   "outputs": [],
   "source": [
    "T, D = data.D_T_meshgrid(num=10)"
   ]
  },
  {
   "cell_type": "code",
   "execution_count": 16,
   "metadata": {},
   "outputs": [],
   "source": [
    "T_, D_ = T[0], D[:, 0]"
   ]
  },
  {
   "cell_type": "code",
   "execution_count": 17,
   "metadata": {},
   "outputs": [
    {
     "data": {
      "text/plain": [
       "{'abar': 4.028776983649795,\n",
       " 'zbar': 2.0143884920095214,\n",
       " 'z2bar': 4.12949645671095,\n",
       " 'z1': 2,\n",
       " 'a1': 4,\n",
       " 'z2': 6,\n",
       " 'a2': 12}"
      ]
     },
     "execution_count": 17,
     "metadata": {},
     "output_type": "execute_result"
    }
   ],
   "source": [
    "i = 1000\n",
    "kwargs = {\n",
    "    \"abar\": data.data[\"abar\"][i],\n",
    "    \"zbar\": data.data[\"zbar\"][i],\n",
    "    \"z2bar\": data.data[\"z2bar\"][i],\n",
    "    **data.data[\"ScreenFactors\"][1]\n",
    "}\n",
    "kwargs"
   ]
  },
  {
   "cell_type": "code",
   "execution_count": 18,
   "metadata": {},
   "outputs": [
    {
     "data": {
      "text/plain": [
       "{'abar': (4.028776676342192, 52.43965444432472),\n",
       " 'zbar': (2.0143883383557393, 26.223830930940498),\n",
       " 'z2bar': (4.1294958073363555, 713.3104742534674),\n",
       " 'z1': (1, 10),\n",
       " 'z2': (1, 10)}"
      ]
     },
     "execution_count": 18,
     "metadata": {},
     "output_type": "execute_result"
    }
   ],
   "source": [
    "minmax = {\n",
    "    \"abar\": (data.data[\"abar\"].min(), data.data[\"abar\"].max()),\n",
    "    \"zbar\": (data.data[\"zbar\"].min(), data.data[\"zbar\"].max()),\n",
    "    \"z2bar\": (data.data[\"z2bar\"].min(), data.data[\"z2bar\"].max()),\n",
    "    \"z1\": (1, 10),\n",
    "    \"z2\": (1, 10)\n",
    "}\n",
    "\n",
    "minmax"
   ]
  },
  {
   "cell_type": "code",
   "execution_count": 19,
   "metadata": {},
   "outputs": [],
   "source": [
    "linspaces_ = {k: np.linspace(*v, 10) for k, v in minmax.items()}"
   ]
  },
  {
   "cell_type": "code",
   "execution_count": 20,
   "metadata": {},
   "outputs": [],
   "source": [
    "linspaces_[\"T\"] = T_\n",
    "linspaces_[\"D\"] = D_"
   ]
  },
  {
   "cell_type": "code",
   "execution_count": 21,
   "metadata": {},
   "outputs": [],
   "source": [
    "grids = np.meshgrid(*[space for space in linspaces_.values()])"
   ]
  },
  {
   "cell_type": "code",
   "execution_count": 22,
   "metadata": {},
   "outputs": [],
   "source": [
    "parameter_space = {k: grids[j] for j, k in enumerate(linspaces_)}"
   ]
  },
  {
   "cell_type": "code",
   "execution_count": 23,
   "metadata": {},
   "outputs": [
    {
     "data": {
      "text/plain": [
       "(10, 10, 10, 10, 10, 10, 10)"
      ]
     },
     "execution_count": 23,
     "metadata": {},
     "output_type": "execute_result"
    }
   ],
   "source": [
    "parameter_space[\"abar\"].shape"
   ]
  },
  {
   "cell_type": "code",
   "execution_count": 24,
   "metadata": {},
   "outputs": [],
   "source": [
    "C = chug.parameters_from_vars(**parameter_space, percent=0.9975)"
   ]
  },
  {
   "cell_type": "code",
   "execution_count": 25,
   "metadata": {},
   "outputs": [
    {
     "data": {
      "text/plain": [
       "(10, 10, 10, 10, 10)"
      ]
     },
     "metadata": {},
     "output_type": "display_data"
    },
    {
     "data": {
      "text/plain": [
       "array([[[[[20.57166731, 21.35765825, 21.66497247, ..., 22.45119218,\n",
       "           22.45119218, 22.45119218],\n",
       "          [21.35765825, 21.9045396 , 22.21162505, ..., 22.99784476,\n",
       "           23.23718311, 23.23741188],\n",
       "          [21.66497247, 22.21162505, 22.45119218, ..., 23.30493021,\n",
       "           23.54449734, 23.54449734],\n",
       "          ...,\n",
       "          [22.45119218, 22.99784476, 23.30493021, ..., 24.33071705,\n",
       "           24.33071705, 24.33071705],\n",
       "          [22.45119218, 23.23718311, 23.54449734, ..., 24.33071705,\n",
       "           24.33071705, 24.57028417],\n",
       "          [22.45119218, 23.23741188, 23.54449734, ..., 24.33071705,\n",
       "           24.57028417, 24.57028417]],\n",
       "\n",
       "         [[21.9045396 , 22.6907593 , 22.99784476, ..., 23.78406447,\n",
       "           23.78406447, 24.02363159],\n",
       "          [22.6907593 , 23.23741188, 23.54449734, ..., 24.33071705,\n",
       "           24.57028417, 24.57028417],\n",
       "          [22.99784476, 23.54449734, 23.78406447, ..., 24.63780249,\n",
       "           24.87736963, 24.87736963],\n",
       "          ...,\n",
       "          [23.78406447, 24.33071705, 24.63780249, ..., 25.66358933,\n",
       "           25.66358933, 25.66358933],\n",
       "          [23.78406447, 24.57028417, 24.87736963, ..., 25.66358933,\n",
       "           25.90292769, 25.90315646],\n",
       "          [24.02363159, 24.57028417, 24.87736963, ..., 25.66358933,\n",
       "           25.90315646, 25.90315646]],\n",
       "\n",
       "         [[22.21162505, 22.99761599, 23.23741188, ..., 24.02363159,\n",
       "           24.02363159, 24.33071705],\n",
       "          [22.99761599, 23.54449734, 23.78406447, ..., 24.57028417,\n",
       "           24.87714086, 24.87736963],\n",
       "          [23.23741188, 23.78406447, 24.09114992, ..., 25.11693675,\n",
       "           25.11693675, 25.11693675],\n",
       "          ...,\n",
       "          [24.02363159, 24.57028417, 25.11693675, ..., 25.90315646,\n",
       "           25.90315646, 25.97065916],\n",
       "          [24.02363159, 24.87714086, 25.11693675, ..., 25.90315646,\n",
       "           25.97065916, 26.21024191],\n",
       "          [24.33071705, 24.87736963, 25.11693675, ..., 25.97065916,\n",
       "           26.21024191, 26.21024191]],\n",
       "\n",
       "         ...,\n",
       "\n",
       "         [[22.6907593 , 23.30493021, 23.78406447, ..., 24.57028417,\n",
       "           24.63780249, 24.87736963],\n",
       "          [23.30493021, 24.02363159, 24.33071705, ..., 25.11693675,\n",
       "           25.35650388, 25.35650388],\n",
       "          [23.78406447, 24.33071705, 24.63780249, ..., 25.66358933,\n",
       "           25.66358933, 25.66358933],\n",
       "          ...,\n",
       "          [24.57028417, 25.11693675, 25.66358933, ..., 26.44980904,\n",
       "           26.44980904, 26.68937616],\n",
       "          [24.63780249, 25.35650388, 25.66358933, ..., 26.44980904,\n",
       "           26.68937616, 26.68937617],\n",
       "          [24.87736963, 25.35650388, 25.66358933, ..., 26.68937616,\n",
       "           26.68937617, 26.68937617]],\n",
       "\n",
       "         [[22.75827763, 23.54449734, 23.78406447, ..., 24.57028417,\n",
       "           24.87714086, 24.87736963],\n",
       "          [23.54449734, 24.02363159, 24.33071705, ..., 25.35650388,\n",
       "           25.35650388, 25.35650388],\n",
       "          [23.78406447, 24.33071705, 24.87736963, ..., 25.66358933,\n",
       "           25.66358933, 25.90315646],\n",
       "          ...,\n",
       "          [24.57028417, 25.35650388, 25.66358933, ..., 26.44980904,\n",
       "           26.68937616, 26.68937617],\n",
       "          [24.87714086, 25.35650388, 25.66358933, ..., 26.68937616,\n",
       "           26.68937617, 26.68937617],\n",
       "          [24.87736963, 25.35650388, 25.90315646, ..., 26.68937617,\n",
       "           26.68937617, 26.75689369]],\n",
       "\n",
       "         [[22.99784476, 23.54449734, 23.78406447, ..., 24.63780249,\n",
       "           24.87736963, 24.87736963],\n",
       "          [23.54449734, 24.02363159, 24.57028417, ..., 25.35650388,\n",
       "           25.35650388, 25.42402214],\n",
       "          [23.78406447, 24.57028417, 24.87736963, ..., 25.66358933,\n",
       "           25.90292769, 25.90315646],\n",
       "          ...,\n",
       "          [24.63780249, 25.35650388, 25.66358933, ..., 26.44980904,\n",
       "           26.68937617, 26.68937617],\n",
       "          [24.87736963, 25.35650388, 25.90292769, ..., 26.68937617,\n",
       "           26.68937617, 26.75689369],\n",
       "          [24.87736963, 25.42402214, 25.90315646, ..., 26.68937617,\n",
       "           26.75689369, 26.99646069]]],\n",
       "\n",
       "\n",
       "        [[[20.33210018, 20.87875277, 21.11831989, ..., 21.9045396 ,\n",
       "           22.21139628, 22.21162505],\n",
       "          [20.87875277, 21.35788702, 21.9045396 , ..., 22.6907593 ,\n",
       "           22.6907593 , 22.6907593 ],\n",
       "          [21.11831989, 21.9045396 , 22.21162505, ..., 22.99784476,\n",
       "           22.99784476, 23.23741188],\n",
       "          ...,\n",
       "          [21.9045396 , 22.6907593 , 22.99784476, ..., 23.78406447,\n",
       "           24.02363159, 24.02363159],\n",
       "          [22.21139628, 22.6907593 , 22.99784476, ..., 24.02363159,\n",
       "           24.02363159, 24.09114992],\n",
       "          [22.21162505, 22.6907593 , 23.23741188, ..., 24.02363159,\n",
       "           24.09114992, 24.33071705]],\n",
       "\n",
       "         [[21.66497247, 22.21162505, 22.45119218, ..., 23.30493021,\n",
       "           23.54449734, 23.54449734],\n",
       "          [22.21162505, 22.6907593 , 23.23741188, ..., 24.02363159,\n",
       "           24.02363159, 24.09114992],\n",
       "          [22.45119218, 23.23741188, 23.54449734, ..., 24.33071705,\n",
       "           24.5700554 , 24.57028417],\n",
       "          ...,\n",
       "          [23.30493021, 24.02363159, 24.33071705, ..., 25.11693675,\n",
       "           25.35650388, 25.35650388],\n",
       "          [23.54449734, 24.02363159, 24.5700554 , ..., 25.35650388,\n",
       "           25.35650388, 25.42402214],\n",
       "          [23.54449734, 24.09114992, 24.57028417, ..., 25.35650388,\n",
       "           25.42402214, 25.66358933]],\n",
       "\n",
       "         [[21.9045396 , 22.45119218, 22.75827763, ..., 23.78406446,\n",
       "           23.78406447, 23.78406447],\n",
       "          [22.45119218, 22.99784476, 23.54449734, ..., 24.33071705,\n",
       "           24.33071705, 24.57028417],\n",
       "          [22.75827763, 23.54449734, 23.78406447, ..., 24.57028417,\n",
       "           24.87714086, 24.87736963],\n",
       "          ...,\n",
       "          [23.78406446, 24.33071705, 24.57028417, ..., 25.42402214,\n",
       "           25.66358933, 25.66358933],\n",
       "          [23.78406447, 24.33071705, 24.87714086, ..., 25.66358933,\n",
       "           25.66358933, 25.90315646],\n",
       "          [23.78406447, 24.57028417, 24.87736963, ..., 25.66358933,\n",
       "           25.90315646, 25.90315646]],\n",
       "\n",
       "         ...,\n",
       "\n",
       "         [[22.45119218, 22.99784476, 23.30493021, ..., 24.33071705,\n",
       "           24.33071705, 24.33071705],\n",
       "          [22.99784476, 23.54449734, 24.02363159, ..., 24.87736963,\n",
       "           24.87736963, 25.11693675],\n",
       "          [23.30493021, 24.02363159, 24.33071705, ..., 25.11693675,\n",
       "           25.35650388, 25.35650388],\n",
       "          ...,\n",
       "          [24.33071705, 24.87736963, 25.11693675, ..., 25.97065916,\n",
       "           26.21024191, 26.21024191],\n",
       "          [24.33071705, 24.87736963, 25.35650388, ..., 26.21024191,\n",
       "           26.21024191, 26.44980904],\n",
       "          [24.33071705, 25.11693675, 25.35650388, ..., 26.21024191,\n",
       "           26.44980904, 26.44980904]],\n",
       "\n",
       "         [[22.45119218, 22.99784476, 23.54449734, ..., 24.33071705,\n",
       "           24.33071705, 24.57028417],\n",
       "          [22.99784476, 23.78406446, 24.02363159, ..., 24.87736963,\n",
       "           25.11670798, 25.11693675],\n",
       "          [23.54449734, 24.02363159, 24.33071705, ..., 25.35650388,\n",
       "           25.35650388, 25.35650388],\n",
       "          ...,\n",
       "          [24.33071705, 24.87736963, 25.35650388, ..., 26.21024191,\n",
       "           26.21024191, 26.21024191],\n",
       "          [24.33071705, 25.11670798, 25.35650388, ..., 26.21024191,\n",
       "           26.21024191, 26.44980904],\n",
       "          [24.57028417, 25.11693675, 25.35650388, ..., 26.21024191,\n",
       "           26.44980904, 26.44980904]],\n",
       "\n",
       "         [[22.45119218, 23.23741188, 23.54449734, ..., 24.33071705,\n",
       "           24.5700554 , 24.57028417],\n",
       "          [23.23741188, 23.78406447, 24.02363159, ..., 24.87736963,\n",
       "           25.11693675, 25.11693675],\n",
       "          [23.54449734, 24.02363159, 24.57028417, ..., 25.35650388,\n",
       "           25.35650388, 25.42402214],\n",
       "          ...,\n",
       "          [24.33071705, 24.87736963, 25.35650388, ..., 26.21024191,\n",
       "           26.21024191, 26.44980904],\n",
       "          [24.5700554 , 25.11693675, 25.35650388, ..., 26.21024191,\n",
       "           26.44980904, 26.44980904],\n",
       "          [24.57028417, 25.11693675, 25.42402214, ..., 26.44980904,\n",
       "           26.44980904, 26.44980904]]],\n",
       "\n",
       "\n",
       "        [[[20.02501473, 20.57166731, 21.11831989, ..., 21.9045396 ,\n",
       "           21.9045396 , 21.9045396 ],\n",
       "          [20.57166731, 21.35788702, 21.66497247, ..., 22.45119218,\n",
       "           22.45119218, 22.6907593 ],\n",
       "          [21.11831989, 21.66497247, 21.9045396 , ..., 22.6907593 ,\n",
       "           22.99784476, 22.99784476],\n",
       "          ...,\n",
       "          [21.9045396 , 22.45119218, 22.6907593 , ..., 23.78383569,\n",
       "           23.78406447, 23.78406447],\n",
       "          [21.9045396 , 22.45119218, 22.99784476, ..., 23.78406447,\n",
       "           23.78406447, 24.02363159],\n",
       "          [21.9045396 , 22.6907593 , 22.99784476, ..., 23.78406447,\n",
       "           24.02363159, 24.02363159]],\n",
       "\n",
       "         [[21.35788702, 21.9045396 , 22.45119218, ..., 23.23741188,\n",
       "           23.23741188, 23.30493021],\n",
       "          [21.9045396 , 22.6907593 , 22.99784476, ..., 23.78406447,\n",
       "           24.02340282, 24.02363159],\n",
       "          [22.45119218, 22.99784476, 23.23741188, ..., 24.09114992,\n",
       "           24.33071705, 24.33071705],\n",
       "          ...,\n",
       "          [23.23741188, 23.78406447, 24.09114992, ..., 25.11693675,\n",
       "           25.11693675, 25.11693675],\n",
       "          [23.23741188, 24.02340282, 24.33071705, ..., 25.11693675,\n",
       "           25.11693675, 25.35650388],\n",
       "          [23.30493021, 24.02363159, 24.33071705, ..., 25.11693675,\n",
       "           25.35650388, 25.35650388]],\n",
       "\n",
       "         [[21.66497247, 22.21162505, 22.6907593 , ..., 23.54449734,\n",
       "           23.54449734, 23.78383569],\n",
       "          [22.21162505, 22.99784476, 23.23741188, ..., 24.02363159,\n",
       "           24.09114992, 24.33071705],\n",
       "          [22.6907593 , 23.23741188, 23.54449734, ..., 24.5700554 ,\n",
       "           24.57028417, 24.57028417],\n",
       "          ...,\n",
       "          [23.54449734, 24.02363159, 24.5700554 , ..., 25.35650388,\n",
       "           25.35650388, 25.42402214],\n",
       "          [23.54449734, 24.09114992, 24.57028417, ..., 25.35650388,\n",
       "           25.42402214, 25.66358933],\n",
       "          [23.78383569, 24.33071705, 24.57028417, ..., 25.42402214,\n",
       "           25.66358933, 25.66358933]],\n",
       "\n",
       "         ...,\n",
       "\n",
       "         [[22.21162505, 22.75827763, 23.23741188, ..., 24.02363159,\n",
       "           24.02363159, 24.33071705],\n",
       "          [22.75827763, 23.54449734, 23.78406447, ..., 24.57028417,\n",
       "           24.63780249, 24.87736963],\n",
       "          [23.23741188, 23.78406447, 24.09114992, ..., 25.11670798,\n",
       "           25.11693675, 25.11693675],\n",
       "          ...,\n",
       "          [24.02363159, 24.57028417, 25.11670798, ..., 25.90315646,\n",
       "           25.90315646, 25.97065916],\n",
       "          [24.02363159, 24.63780249, 25.11693675, ..., 25.90315646,\n",
       "           25.97065916, 26.21024191],\n",
       "          [24.33071705, 24.87736963, 25.11693675, ..., 25.97065916,\n",
       "           26.21024191, 26.21024191]],\n",
       "\n",
       "         [[22.21162505, 22.99784476, 23.23741188, ..., 24.02363159,\n",
       "           24.09114992, 24.33071705],\n",
       "          [22.99784476, 23.54449734, 23.78406447, ..., 24.63780249,\n",
       "           24.87736963, 24.87736963],\n",
       "          [23.23741188, 23.78406447, 24.33048828, ..., 25.11693675,\n",
       "           25.11693675, 25.35650388],\n",
       "          ...,\n",
       "          [24.02363159, 24.63780249, 25.11693675, ..., 25.90315646,\n",
       "           25.90315646, 26.21024191],\n",
       "          [24.09114992, 24.87736963, 25.11693675, ..., 25.90315646,\n",
       "           26.21024191, 26.21024191],\n",
       "          [24.33071705, 24.87736963, 25.35650388, ..., 26.21024191,\n",
       "           26.21024191, 26.21024191]],\n",
       "\n",
       "         [[22.45119218, 22.99784476, 23.23741188, ..., 24.02363159,\n",
       "           24.33071705, 24.33071705],\n",
       "          [22.99784476, 23.54449734, 24.02363159, ..., 24.87714086,\n",
       "           24.87736963, 24.87736963],\n",
       "          [23.23741188, 24.02363159, 24.33071705, ..., 25.11693675,\n",
       "           25.11693675, 25.35650388],\n",
       "          ...,\n",
       "          [24.02363159, 24.87714086, 25.11693675, ..., 25.90315646,\n",
       "           25.97065916, 26.21024191],\n",
       "          [24.33071705, 24.87736963, 25.11693675, ..., 25.97065916,\n",
       "           26.21024191, 26.21024191],\n",
       "          [24.33071705, 24.87736963, 25.35650388, ..., 26.21024191,\n",
       "           26.21024191, 26.44980904]]],\n",
       "\n",
       "\n",
       "        ...,\n",
       "\n",
       "\n",
       "        [[[19.54588048, 20.33210018, 20.57166731, ..., 21.35788702,\n",
       "           21.35788702, 21.6647437 ],\n",
       "          [20.33210018, 20.87875277, 21.11831989, ..., 21.9045396 ,\n",
       "           22.21139628, 22.21162505],\n",
       "          [20.57166731, 21.11831989, 21.42540535, ..., 22.45119218,\n",
       "           22.45119218, 22.45119218],\n",
       "          ...,\n",
       "          [21.35788702, 21.9045396 , 22.45119218, ..., 23.23741188,\n",
       "           23.23741188, 23.30493021],\n",
       "          [21.35788702, 22.21139628, 22.45119218, ..., 23.23741188,\n",
       "           23.54426857, 23.54449734],\n",
       "          [21.6647437 , 22.21162505, 22.45119218, ..., 23.30493021,\n",
       "           23.54449734, 23.54449734]],\n",
       "\n",
       "         [[20.87875277, 21.66497247, 21.9045396 , ..., 22.6907593 ,\n",
       "           22.75827763, 22.99784476],\n",
       "          [21.66497247, 22.21162505, 22.45119218, ..., 23.23741188,\n",
       "           23.54449734, 23.54449734],\n",
       "          [21.9045396 , 22.45119218, 22.75827763, ..., 23.78406446,\n",
       "           23.78406447, 24.02340282],\n",
       "          ...,\n",
       "          [22.6907593 , 23.23741188, 23.78406446, ..., 24.57028417,\n",
       "           24.57028417, 24.87714086],\n",
       "          [22.75827763, 23.54449734, 23.78406447, ..., 24.57028417,\n",
       "           24.87736963, 24.87736963],\n",
       "          [22.99784476, 23.54449734, 24.02340282, ..., 24.87714086,\n",
       "           24.87736963, 24.87736963]],\n",
       "\n",
       "         [[21.35788702, 21.9045396 , 22.21162505, ..., 22.99784476,\n",
       "           23.23741188, 23.23741188],\n",
       "          [21.9045396 , 22.45119218, 22.6907593 , ..., 23.54449734,\n",
       "           23.78406447, 23.78406447],\n",
       "          [22.21162505, 22.6907593 , 23.23741188, ..., 24.02363159,\n",
       "           24.02363159, 24.09114992],\n",
       "          ...,\n",
       "          [22.99784476, 23.54449734, 24.02363159, ..., 24.87736963,\n",
       "           24.87736963, 25.11693675],\n",
       "          [23.23741188, 23.78406447, 24.02363159, ..., 24.87736963,\n",
       "           25.11693675, 25.11693675],\n",
       "          [23.23741188, 23.78406447, 24.09114992, ..., 25.11693675,\n",
       "           25.11693675, 25.35650388]],\n",
       "\n",
       "         ...,\n",
       "\n",
       "         [[21.9045396 , 22.45119218, 22.6907593 , ..., 23.54449734,\n",
       "           23.78406446, 23.78406447],\n",
       "          [22.45119218, 22.99784476, 23.23741188, ..., 24.09114992,\n",
       "           24.33071705, 24.33071705],\n",
       "          [22.6907593 , 23.23741188, 23.78406446, ..., 24.57028417,\n",
       "           24.57028417, 24.63780249],\n",
       "          ...,\n",
       "          [23.54449734, 24.09114992, 24.57028417, ..., 25.35650388,\n",
       "           25.42402214, 25.66358933],\n",
       "          [23.78406446, 24.33071705, 24.57028417, ..., 25.42402214,\n",
       "           25.66358933, 25.66358933],\n",
       "          [23.78406447, 24.33071705, 24.63780249, ..., 25.66358933,\n",
       "           25.66358933, 25.90292769]],\n",
       "\n",
       "         [[21.9045396 , 22.45119218, 22.6907593 , ..., 23.54449734,\n",
       "           23.78406447, 23.78406447],\n",
       "          [22.45119218, 22.99784476, 23.30493021, ..., 24.33071705,\n",
       "           24.33071705, 24.5700554 ],\n",
       "          [22.6907593 , 23.30493021, 23.78406447, ..., 24.57028417,\n",
       "           24.63780249, 24.87736963],\n",
       "          ...,\n",
       "          [23.54449734, 24.33071705, 24.57028417, ..., 25.35650388,\n",
       "           25.66358933, 25.66358933],\n",
       "          [23.78406447, 24.33071705, 24.63780249, ..., 25.66358933,\n",
       "           25.66358933, 25.66358933],\n",
       "          [23.78406447, 24.5700554 , 24.87736963, ..., 25.66358933,\n",
       "           25.66358933, 25.90315646]],\n",
       "\n",
       "         [[21.9045396 , 22.45119218, 22.75827763, ..., 23.78406446,\n",
       "           23.78406447, 23.78406447],\n",
       "          [22.45119218, 22.99784476, 23.54449734, ..., 24.33071705,\n",
       "           24.33071705, 24.57028417],\n",
       "          [22.75827763, 23.54449734, 23.78406447, ..., 24.57028417,\n",
       "           24.87714086, 24.87736963],\n",
       "          ...,\n",
       "          [23.78406446, 24.33071705, 24.57028417, ..., 25.42402214,\n",
       "           25.66358933, 25.66358933],\n",
       "          [23.78406447, 24.33071705, 24.87714086, ..., 25.66358933,\n",
       "           25.66358933, 25.90315646],\n",
       "          [23.78406447, 24.57028417, 24.87736963, ..., 25.66358933,\n",
       "           25.90315646, 25.90315646]]],\n",
       "\n",
       "\n",
       "        [[[19.54588048, 20.09253306, 20.57166731, ..., 21.35788702,\n",
       "           21.35788702, 21.35788702],\n",
       "          [20.09253306, 20.87875276, 21.11831989, ..., 21.9045396 ,\n",
       "           21.9045396 , 22.21162505],\n",
       "          [20.57166731, 21.11831989, 21.35788702, ..., 22.21162505,\n",
       "           22.45119218, 22.45119218],\n",
       "          ...,\n",
       "          [21.35788702, 21.9045396 , 22.21162505, ..., 23.23741188,\n",
       "           23.23741188, 23.23741188],\n",
       "          [21.35788702, 21.9045396 , 22.45119218, ..., 23.23741188,\n",
       "           23.23741188, 23.54449734],\n",
       "          [21.35788702, 22.21162505, 22.45119218, ..., 23.23741188,\n",
       "           23.54449734, 23.54449734]],\n",
       "\n",
       "         [[20.87875277, 21.42540535, 21.9045396 , ..., 22.6907593 ,\n",
       "           22.6907593 , 22.99761599],\n",
       "          [21.42540535, 22.21162505, 22.45119218, ..., 23.23741188,\n",
       "           23.30493021, 23.54449734],\n",
       "          [21.9045396 , 22.45119218, 22.6907593 , ..., 23.78383569,\n",
       "           23.78406447, 23.78406447],\n",
       "          ...,\n",
       "          [22.6907593 , 23.23741188, 23.78383569, ..., 24.57028417,\n",
       "           24.57028417, 24.63780249],\n",
       "          [22.6907593 , 23.30493021, 23.78406447, ..., 24.57028417,\n",
       "           24.63780249, 24.87736963],\n",
       "          [22.99761599, 23.54449734, 23.78406447, ..., 24.63780249,\n",
       "           24.87736963, 24.87736963]],\n",
       "\n",
       "         [[21.11831989, 21.9045396 , 22.21162505, ..., 22.99784476,\n",
       "           22.99784476, 23.23741188],\n",
       "          [21.9045396 , 22.45119218, 22.6907593 , ..., 23.54449734,\n",
       "           23.78406446, 23.78406447],\n",
       "          [22.21162505, 22.6907593 , 22.99784476, ..., 24.02363159,\n",
       "           24.02363159, 24.02363159],\n",
       "          ...,\n",
       "          [22.99784476, 23.54449734, 24.02363159, ..., 24.87736963,\n",
       "           24.87736963, 25.11670798],\n",
       "          [22.99784476, 23.78406446, 24.02363159, ..., 24.87736963,\n",
       "           25.11693675, 25.11693675],\n",
       "          [23.23741188, 23.78406447, 24.02363159, ..., 25.11670798,\n",
       "           25.11693675, 25.11693675]],\n",
       "\n",
       "         ...,\n",
       "\n",
       "         [[21.66497247, 22.45119218, 22.6907593 , ..., 23.54449734,\n",
       "           23.54449734, 23.78406447],\n",
       "          [22.45119218, 22.99784476, 23.23741188, ..., 24.02363159,\n",
       "           24.33071705, 24.33071705],\n",
       "          [22.6907593 , 23.23741188, 23.54449734, ..., 24.57028417,\n",
       "           24.57028417, 24.57028417],\n",
       "          ...,\n",
       "          [23.54449734, 24.02363159, 24.57028417, ..., 25.35650388,\n",
       "           25.35650388, 25.66336056],\n",
       "          [23.54449734, 24.33071705, 24.57028417, ..., 25.35650388,\n",
       "           25.66358933, 25.66358933],\n",
       "          [23.78406447, 24.33071705, 24.57028417, ..., 25.66336056,\n",
       "           25.66358933, 25.66358933]],\n",
       "\n",
       "         [[21.9045396 , 22.45119218, 22.6907593 , ..., 23.54449734,\n",
       "           23.78406446, 23.78406447],\n",
       "          [22.45119218, 22.99784476, 23.23741188, ..., 24.09114992,\n",
       "           24.33071705, 24.33071705],\n",
       "          [22.6907593 , 23.23741188, 23.78406446, ..., 24.57028417,\n",
       "           24.57028417, 24.63780249],\n",
       "          ...,\n",
       "          [23.54449734, 24.09114992, 24.57028417, ..., 25.35650388,\n",
       "           25.42402214, 25.66358933],\n",
       "          [23.78406446, 24.33071705, 24.57028417, ..., 25.42402214,\n",
       "           25.66358933, 25.66358933],\n",
       "          [23.78406447, 24.33071705, 24.63780249, ..., 25.66358933,\n",
       "           25.66358933, 25.90315646]],\n",
       "\n",
       "         [[21.9045396 , 22.45119218, 22.6907593 , ..., 23.54449734,\n",
       "           23.78406447, 23.78406447],\n",
       "          [22.45119218, 22.99784476, 23.30493021, ..., 24.33071705,\n",
       "           24.33071705, 24.5700554 ],\n",
       "          [22.6907593 , 23.30493021, 23.78406447, ..., 24.57028417,\n",
       "           24.63780249, 24.87736963],\n",
       "          ...,\n",
       "          [23.54449734, 24.33071705, 24.57028417, ..., 25.35650388,\n",
       "           25.66358933, 25.66358933],\n",
       "          [23.78406447, 24.33071705, 24.63780249, ..., 25.66358933,\n",
       "           25.66358933, 25.66358933],\n",
       "          [23.78406447, 24.5700554 , 24.87736963, ..., 25.66358933,\n",
       "           25.66358933, 25.90315646]]],\n",
       "\n",
       "\n",
       "        [[[19.54588048, 20.02501473, 20.57166731, ..., 21.35788702,\n",
       "           21.35788702, 21.35788702],\n",
       "          [20.02501473, 20.63918564, 21.11831989, ..., 21.9045396 ,\n",
       "           21.9045396 , 21.97205793],\n",
       "          [20.57166731, 21.11831989, 21.35788702, ..., 22.21162505,\n",
       "           22.45119218, 22.45119218],\n",
       "          ...,\n",
       "          [21.35788702, 21.9045396 , 22.21162505, ..., 23.23718311,\n",
       "           23.23741188, 23.23741188],\n",
       "          [21.35788702, 21.9045396 , 22.45119218, ..., 23.23741188,\n",
       "           23.23741188, 23.30493021],\n",
       "          [21.35788702, 21.97205793, 22.45119218, ..., 23.23741188,\n",
       "           23.30493021, 23.54449734]],\n",
       "\n",
       "         [[20.87875277, 21.35788702, 21.9045396 , ..., 22.6907593 ,\n",
       "           22.6907593 , 22.75827763],\n",
       "          [21.35788702, 21.97205793, 22.45119218, ..., 23.23741188,\n",
       "           23.23741188, 23.54449734],\n",
       "          [21.9045396 , 22.45119218, 22.6907593 , ..., 23.54449734,\n",
       "           23.78406446, 23.78406447],\n",
       "          ...,\n",
       "          [22.6907593 , 23.23741188, 23.54449734, ..., 24.57028417,\n",
       "           24.57028417, 24.57028417],\n",
       "          [22.6907593 , 23.23741188, 23.78406446, ..., 24.57028417,\n",
       "           24.57028417, 24.87714086],\n",
       "          [22.75827763, 23.54449734, 23.78406447, ..., 24.57028417,\n",
       "           24.87714086, 24.87736963]],\n",
       "\n",
       "         [[21.11831989, 21.66497247, 22.21162505, ..., 22.99784476,\n",
       "           22.99784476, 23.23718311],\n",
       "          [21.66497247, 22.45119218, 22.6907593 , ..., 23.54449734,\n",
       "           23.54449734, 23.78406447],\n",
       "          [22.21162505, 22.6907593 , 22.99784476, ..., 24.02340282,\n",
       "           24.02363159, 24.02363159],\n",
       "          ...,\n",
       "          [22.99784476, 23.54449734, 24.02340282, ..., 24.87714086,\n",
       "           24.87736963, 24.87736963],\n",
       "          [22.99784476, 23.54449734, 24.02363159, ..., 24.87736963,\n",
       "           24.87736963, 25.11693675],\n",
       "          [23.23718311, 23.78406447, 24.02363159, ..., 24.87736963,\n",
       "           25.11693675, 25.11693675]],\n",
       "\n",
       "         ...,\n",
       "\n",
       "         [[21.66497247, 22.21162505, 22.6907593 , ..., 23.54449734,\n",
       "           23.54449734, 23.78406446],\n",
       "          [22.21162505, 22.99784476, 23.23741188, ..., 24.02363159,\n",
       "           24.09114992, 24.33071705],\n",
       "          [22.6907593 , 23.23741188, 23.54449734, ..., 24.5700554 ,\n",
       "           24.57028417, 24.57028417],\n",
       "          ...,\n",
       "          [23.54449734, 24.02363159, 24.5700554 , ..., 25.35650388,\n",
       "           25.35650388, 25.42402214],\n",
       "          [23.54449734, 24.09114992, 24.57028417, ..., 25.35650388,\n",
       "           25.42402214, 25.66358933],\n",
       "          [23.78406446, 24.33071705, 24.57028417, ..., 25.42402214,\n",
       "           25.66358933, 25.66358933]],\n",
       "\n",
       "         [[21.66497247, 22.45119218, 22.6907593 , ..., 23.54449734,\n",
       "           23.54449734, 23.78406447],\n",
       "          [22.45119218, 22.99784476, 23.23741188, ..., 24.09114992,\n",
       "           24.33071705, 24.33071705],\n",
       "          [22.6907593 , 23.23741188, 23.78383569, ..., 24.57028417,\n",
       "           24.57028417, 24.63780249],\n",
       "          ...,\n",
       "          [23.54449734, 24.09114992, 24.57028417, ..., 25.35650388,\n",
       "           25.35650388, 25.66358933],\n",
       "          [23.54449734, 24.33071705, 24.57028417, ..., 25.35650388,\n",
       "           25.66358933, 25.66358933],\n",
       "          [23.78406447, 24.33071705, 24.63780249, ..., 25.66358933,\n",
       "           25.66358933, 25.66358933]],\n",
       "\n",
       "         [[21.9045396 , 22.45119218, 22.6907593 , ..., 23.54449734,\n",
       "           23.78406446, 23.78406447],\n",
       "          [22.45119218, 22.99784476, 23.23741188, ..., 24.33048828,\n",
       "           24.33071705, 24.33071705],\n",
       "          [22.6907593 , 23.23741188, 23.78406446, ..., 24.57028417,\n",
       "           24.57028417, 24.87714086],\n",
       "          ...,\n",
       "          [23.54449734, 24.33048828, 24.57028417, ..., 25.35650388,\n",
       "           25.42402214, 25.66358933],\n",
       "          [23.78406446, 24.33071705, 24.57028417, ..., 25.42402214,\n",
       "           25.66358933, 25.66358933],\n",
       "          [23.78406447, 24.33071705, 24.87714086, ..., 25.66358933,\n",
       "           25.66358933, 25.90315646]]]],\n",
       "\n",
       "\n",
       "\n",
       "       [[[[20.57166731, 21.35765825, 21.66497247, ..., 22.45096341,\n",
       "           22.45119218, 22.45119218],\n",
       "          [21.35765825, 21.9045396 , 22.21162505, ..., 22.99784476,\n",
       "           22.99784476, 23.23741188],\n",
       "          [21.66497247, 22.21162505, 22.45119218, ..., 23.23741188,\n",
       "           23.54449734, 23.54449734],\n",
       "          ...,\n",
       "          [22.45096341, 22.99784476, 23.23741188, ..., 24.33048828,\n",
       "           24.33071705, 24.33071705],\n",
       "          [22.45119218, 22.99784476, 23.54449734, ..., 24.33071705,\n",
       "           24.33071705, 24.57028417],\n",
       "          [22.45119218, 23.23741188, 23.54449734, ..., 24.33071705,\n",
       "           24.57028417, 24.57028417]],\n",
       "\n",
       "         [[21.9045396 , 22.69053053, 22.99784476, ..., 23.78406447,\n",
       "           23.78406447, 24.02363159],\n",
       "          [22.69053053, 23.23741188, 23.54449734, ..., 24.33071705,\n",
       "           24.5700554 , 24.57028417],\n",
       "          [22.99784476, 23.54449734, 23.78406447, ..., 24.63780249,\n",
       "           24.87736963, 24.87736963],\n",
       "          ...,\n",
       "          [23.78406447, 24.33071705, 24.63780249, ..., 25.66358933,\n",
       "           25.66358933, 25.66358933],\n",
       "          [23.78406447, 24.5700554 , 24.87736963, ..., 25.66358933,\n",
       "           25.90292769, 25.90315646],\n",
       "          [24.02363159, 24.57028417, 24.87736963, ..., 25.66358933,\n",
       "           25.90315646, 25.90315646]],\n",
       "\n",
       "         [[22.21162505, 22.75827763, 23.23741188, ..., 24.02363159,\n",
       "           24.02363159, 24.33071705],\n",
       "          [22.75827763, 23.54449734, 23.78406447, ..., 24.57028417,\n",
       "           24.87714086, 24.87736963],\n",
       "          [23.23741188, 23.78406447, 24.09114992, ..., 25.11693675,\n",
       "           25.11693675, 25.11693675],\n",
       "          ...,\n",
       "          [24.02363159, 24.57028417, 25.11693675, ..., 25.90315646,\n",
       "           25.90315646, 25.97065916],\n",
       "          [24.02363159, 24.87714086, 25.11693675, ..., 25.90315646,\n",
       "           25.97065916, 26.21024191],\n",
       "          [24.33071705, 24.87736963, 25.11693675, ..., 25.97065916,\n",
       "           26.21024191, 26.21024191]],\n",
       "\n",
       "         ...,\n",
       "\n",
       "         [[22.6907593 , 23.30493021, 23.78406447, ..., 24.57028417,\n",
       "           24.57028417, 24.87736963],\n",
       "          [23.30493021, 24.02363159, 24.33071705, ..., 25.11693675,\n",
       "           25.35650388, 25.35650388],\n",
       "          [23.78406447, 24.33071705, 24.63780249, ..., 25.66358933,\n",
       "           25.66358933, 25.66358933],\n",
       "          ...,\n",
       "          [24.57028417, 25.11693675, 25.66358933, ..., 26.44980904,\n",
       "           26.44980904, 26.68937616],\n",
       "          [24.57028417, 25.35650388, 25.66358933, ..., 26.44980904,\n",
       "           26.68937616, 26.68937617],\n",
       "          [24.87736963, 25.35650388, 25.66358933, ..., 26.68937616,\n",
       "           26.68937617, 26.68937617]],\n",
       "\n",
       "         [[22.75827763, 23.54449734, 23.78406447, ..., 24.57028417,\n",
       "           24.87714086, 24.87736963],\n",
       "          [23.54449734, 24.02363159, 24.33071705, ..., 25.35650388,\n",
       "           25.35650388, 25.35650388],\n",
       "          [23.78406447, 24.33071705, 24.87736963, ..., 25.66358933,\n",
       "           25.66358933, 25.90315646],\n",
       "          ...,\n",
       "          [24.57028417, 25.35650388, 25.66358933, ..., 26.44980904,\n",
       "           26.68914739, 26.68937617],\n",
       "          [24.87714086, 25.35650388, 25.66358933, ..., 26.68914739,\n",
       "           26.68937617, 26.68937617],\n",
       "          [24.87736963, 25.35650388, 25.90315646, ..., 26.68937617,\n",
       "           26.68937617, 26.75689369]],\n",
       "\n",
       "         [[22.99784476, 23.54449734, 23.78406447, ..., 24.63780249,\n",
       "           24.87736963, 24.87736963],\n",
       "          [23.54449734, 24.02363159, 24.57028417, ..., 25.35650388,\n",
       "           25.35650388, 25.42402214],\n",
       "          [23.78406447, 24.57028417, 24.87736963, ..., 25.66358933,\n",
       "           25.66358933, 25.90315646],\n",
       "          ...,\n",
       "          [24.63780249, 25.35650388, 25.66358933, ..., 26.44980904,\n",
       "           26.68937616, 26.68937617],\n",
       "          [24.87736963, 25.35650388, 25.66358933, ..., 26.68937616,\n",
       "           26.68937617, 26.75689369],\n",
       "          [24.87736963, 25.42402214, 25.90315646, ..., 26.68937617,\n",
       "           26.75689369, 26.99646069]]],\n",
       "\n",
       "\n",
       "        [[[20.33210018, 20.87875277, 21.11831989, ..., 21.9045396 ,\n",
       "           21.97205793, 22.21162505],\n",
       "          [20.87875277, 21.35788702, 21.9045396 , ..., 22.6907593 ,\n",
       "           22.6907593 , 22.6907593 ],\n",
       "          [21.11831989, 21.9045396 , 22.21162505, ..., 22.99784476,\n",
       "           22.99784476, 23.23741188],\n",
       "          ...,\n",
       "          [21.9045396 , 22.6907593 , 22.99784476, ..., 23.78406447,\n",
       "           24.02363159, 24.02363159],\n",
       "          [21.97205793, 22.6907593 , 22.99784476, ..., 24.02363159,\n",
